date,avg_price,rainfall_mm,temp_c,news_headline
2008-01-01,833.34,3.3,29.0,Government buffer release cools retail rice inflation in urban markets. Logistics delays along main corridors keep wholesale spreads wide. Asia food inflation watch: governments mull release of strategic reserves.
2008-01-02,833.34,7.5,29.9,Flood alerts along main rivers; warehouse stocks at risk near ports. Diesel prices decline at the pump; logistics firms pass through savings. Port congestion returns; vessel queues delay bulk grain loadings.
2008-01-03,833.34,11.6,30.8,OPEC+ meeting ends with surprise production increase; crude eases. Drought warning in major growing belt; yield fears support grain quotes.
2008-01-04,833.34,15.8,31.2,Bumper harvest chatter caps upside despite tight warehouse stocks. Regional buyers return after floods; milled rice moves in thin trade. Monsoon outlook improves for delta plantings; futures drift slightly lower.
2008-01-05,833.34,4.0,32.1,Cyclone alert issued; coastal states prepare as rice fields face wind risk. Container freight rates increase on Asia-Europe lanes; ag exporters fret. Crude oil prices surge after OPEC signals deeper output cuts next quarter.
2008-01-06,833.34,8.2,33.0,Oil prices fall as inventories build and demand outlook softens. La Niña watch raises monsoon uncertainty; ag markets trade nervously. Rail bottlenecks ease after ministry intervention; deliveries speed up.
2008-01-07,833.34,12.3,33.5,Export demand supports local paddy quotes; traders watch policy signals. Corn prices climb as ethanol margins improve and inventories tighten. Normal monsoon forecast lifts planting sentiment; rice prices ease slightly.
2008-01-08,833.34,16.5,34.4,Sanctions chatter unsettles commodity finance; spreads widen briefly. Freight indices soften as new vessel supply enters the market. Regional buyers return after floods; milled rice moves in thin trade.
2008-01-09,833.34,4.7,35.3,Crude oil prices surge after OPEC signals deeper output cuts next quarter. Retail inflation cools as vegetable basket prices decline month on month. WTI slides on stronger dollar; energy importers get brief relief.
2008-01-10,833.34,8.8,29.0,Import parity calculations rise; domestic rice offers firm up. Delta farmers report steady transplant progress; rice quotes unmoved. Sanctions chatter unsettles commodity finance; spreads widen briefly.
2008-01-11,833.34,13.0,29.9,Central bank holds rates; currency stability supports import parity pricing. Central bank holds rates; currency stability supports import parity pricing. Agricultural futures ease as harvest pressure hits the cash market.
2008-01-12,833.34,17.2,30.8,Delta farmers report steady transplant progress; rice quotes unmoved. Import parity calculations rise; domestic rice offers firm up. Soybean meal demand lifts grain complex; rice follows sentiment higher.
2008-01-13,833.34,5.3,31.2,Retail inflation cools as vegetable basket prices decline month on month. Crude oil prices surge after OPEC signals deeper output cuts next quarter. Container freight rates increase on Asia-Europe lanes; ag exporters fret.
2008-01-14,833.34,9.5,32.1,Freight indices soften as new vessel supply enters the market. Sanctions chatter unsettles commodity finance; spreads widen briefly. Monsoon rains arrive early; irrigation demand drops for paddy farmers.
2008-01-15,833.34,13.7,33.0,Corn prices climb as ethanol margins improve and inventories tighten. Export demand supports local paddy quotes; traders watch policy signals.
2008-01-16,839.14,17.8,33.5,La Niña watch raises monsoon uncertainty; ag markets trade nervously. Oil prices fall as inventories build and demand outlook softens. Parboiled rice spreads widen on higher energy and packaging costs.
2008-01-17,844.95,6.0,34.4,Container freight rates increase on Asia-Europe lanes; ag exporters fret. Cyclone alert issued; coastal states prepare as rice fields face wind risk. Truck strike threat lifted; inland rice movement normalizes.
2008-01-18,850.76,10.2,35.3,Regional buyers return after floods; milled rice moves in thin trade. Bumper harvest chatter caps upside despite tight warehouse stocks. La Niña watch raises monsoon uncertainty; ag markets trade nervously.
2008-01-19,856.57,14.4,29.0,Drought warning in major growing belt; yield fears support grain quotes. OPEC+ meeting ends with surprise production increase; crude eases. Heatwave warnings lift irrigation costs; farmgate paddy bids firm.
2008-01-20,862.38,2.5,29.9,Diesel prices decline at the pump; logistics firms pass through savings. Flood alerts along main rivers; warehouse stocks at risk near ports. Oil prices fall as inventories build and demand outlook softens.
2008-01-21,868.18,6.7,30.8,Logistics delays along main corridors keep wholesale spreads wide. Government buffer release cools retail rice inflation in urban markets. Parliament debates export curb on staples; rice traders stay cautious.
2008-01-22,873.99,10.9,31.2,IMF mission notes inflation risks from weather and energy pass-through. Port congestion returns; vessel queues delay bulk grain loadings. Commodity index rallies; energy and grains lead the advance.
2008-01-23,879.8,15.0,32.1,Fuel costs rise sharply; truckers warn of higher food distribution charges. Normal monsoon forecast lifts planting sentiment; rice prices ease slightly. Corn prices climb as ethanol margins improve and inventories tighten.
2008-01-24,885.61,3.2,33.0,Rice wholesale steady as mandi arrivals pick up after the holiday. Soybean meal demand lifts grain complex; rice follows sentiment higher. Geopolitical risk premium fades; barrel prices drop for a third session.
